Accuracy: 0.992605
Precision: 0.9925433113055903
Recall: 0.9442674482817213
F1 Score: 0.9678037311970743
