Accuracy: 0.80234
Precision: 0.7179885095423628
Recall: 0.41233692354368934
F1 Score: 0.5238370552383705
Best Parameters: {'C': 0.01, 'class_weight': None, 'penalty': 'l1', 'solver': 'saga'}
Best Cross-Validation Score: 0.8031750000000001
Coefficients:
Air_Temperature: 0.6413
Process_Temperature: -0.3817
Rotational_Speed: -0.3668
Torque: 0.0000
Tool_wear: 1.0505
